1
5ffffftttttftftfffttfttfft
great,good,meh,bad,horrid,
2
3tffffffttffftff
1,2,3,Enter term 4 here,Enter term 5 here,
3
5ffffftttttftftfffttfttfft
great,good,meh,bad,horrid,
4
5ffffftttttftftfffttfttfft
great,good,meh,bad,horrid,
5
5ffffftttttftftfffttfttfft
great,good,meh,bad,horrid,
8

3
0
,,,,,3
0
,,,,,3
0
,,,,,3
0
,,,,,3
0
,,,,,3
0
,,,,,2
0
,,,,,3
0
,,,,,3
0
,,,,,10
0
,,,,,11
0
,,,,,
2
3tffffffttffftff
1,2,3,Enter term 4 here,Enter term 5 here,
0
,,,,,12
0
,,,,,15
0
,,,,,
8
0
,,,,,2
0
,,,,,2
0
,,,,,2
0
,,,,,2
0
,,,,,2
0
,,,,,2
0
,,,,,12
0
,,,,,15
0
,,,,,5
0
,,,,,2
0
,,,,,3
0
,,,,,2
0
,,,,,3
0
,,,,,3
0
,,,,,2
0
,,,,,4
0
,,,,,2
0
,,,,,2
0
,,,,,3
0
,,,,,2
0
,,,,,2
0
,,,,,2
0
,,,,,2
0
,,,,,2
0
,,,,,2
0
,,,,,2
0
,,,,,2
0
,,,,,2
0
,,,,,2
0
,,,,,2
0
,,,,,2
0
,,,,,3
0
,,,,,3
0
,,,,,3
0
,,,,,2
0
,,,,,2
0
,,,,,2
0
,,,,,2
0
,,,,,2
0
,,,,,2
0
,,,,,2
0
,,,,,2
0
,,,,,2
0
,,,,,2
0
,,,,,3
0
,,,,,2
0
,,,,,2
0
,,,,,2
0
,,,,,2
0
,,,,,2
0
,,,,,3
0
,,,,,5
0
,,,,,6
0
,,,,,2
0
,,,,,2
0
,,,,,5
0
,,,,,5
0
,,,,,2
0
,,,,,3
0
,,,,,4
0
,,,,,5
0
,,,,,7
0
,,,,,13
0
,,,,,2
0
,,,,,2
0
,,,,,2
0
,,,,,2
0
,,,,,2
0
,,,,,3
0
,,,,,2
0
,,,,,2
0
,,,,,3
0
,,,,,2
0
,,,,,7
0
,,,,,13
0
,,,,,11
0
,,,,,11
0
,,,,,11
0
,,,,,10
0
,,,,,18
0
,,,,,10
0
,,,,,21
0
,,,,,3
0
,,,,,11
0
,,,,,18
0
,,,,,7
0
,,,,,20
0
,,,,,21
0
,,,,,21
0
,,,,,19
0
,,,,,6
0
,,,,,21
0
,,,,,21
0
,,,,,20
0
,,,,,21
0
,,,,,21
0
,,,,,21
0
,,,,,21
0
,,,,,21
0
,,,,,21
0
,,,,,22
0
,,,,,35
0
,,,,,35
0
,,,,,2
0
,,,,,35
0
,,,,,37
0
,,,,,52
0
,,,,,47
0
,,,,,48
0
,,,,,38
0
,,,,,38
0
,,,,,38
0
,,,,,38
0
,,,,,38
0
,,,,,38
0
,,,,,38
0
,,,,,37
0
,,,,,14
0
,,,,,38
0
,,,,,37
0
,,,,,14
0
,,,,,38
0
,,,,,37
0
,,,,,14
0
,,,,,37
0
,,,,,37
0
,,,,,38
0
,,,,,14
0
,,,,,39
0
,,,,,39
0
,,,,,38
0
,,,,,39
0
,,,,,43
0
,,,,,43
0
,,,,,49
0
,,,,,39
0
,,,,,38
0
,,,,,53
0
,,,,,47
0
,,,,,39
0
,,,,,13
0
,,,,,39
0
,,,,,39
0
,,,,,38
0
,,,,,37
0
,,,,,39
0
,,,,,
39
0
,,,,,57
0
,,,,,